100
200
252
256
261
264
267
268
269
272
273
274
276
277
278
280
300
400
500
506
507
521
523
529
533
541
542
544
546
547
548
550
554
571
572
573
600
700
800
900
918
919
1000
1001
1031
1032
1035
1039
1040
1100
1101
1102
1103
1105
1106
1109
1121
1122
1200
1300
1308
1310
1314
1322
1323
1324
1326
1327
1328
1400
1500
1600
1644
1650
1651
1655
1658
1673
1674
1675
1677
1681
1683
1684
1685
1686
1689
1690
1691
1700
1800
1821
1828
1831
1832
1836
1837
1838
1839
1840
1841
1900
2000
2100
2124
2130
2131
2132
2133
2134
2135
2137
2138
2200
2201
2202
2204
2207
2208
2209
2210
2217
2223
2224
2225
2235
2261
2300
2301
2304
2307
2308
2309
2310
2311
2312
2315
2348
2352
2360
2361
2363
2364
2365
2366
2367
2368
2369
2370
2371
2372
2373
2375
2376
2377
2400
2411
2443
2448
2450
2452
2454
2455
2457
2459
2460
2461
2463
2464
2465
2466
2467
2468
2500
2502
2508
2511
2536
2540
2542
2543
2600
2625
2628
2632
2634
2635
2641
2643
2644
2645
2646
2648
2649
2650
2651
2654
2700
2703
2705
2709
2720
2721
2722
2723
2724
2728
2800
2801
2804
2807
2808
2813
2815
2827
2900
2901
2903
2904
2907
2918
2920
2931
2932
2983
3000
3015
3019
3022
3023
3025
3100
3114
3116
3120
3122
3123
3126
3127
3128
3130
3200
3241
3245
3252
3253
3256
3257
3300
3302
3304
3316
3326
3327
3328
3332
3334
3339
3340
3400
3435
3443
3444
3452
3453
3454
3455
3456
3457
3458
3459
3460
3461
3500
3525
3528
3529
3532
3533
3535
3536
3537
3538
3539
3600
3604
3652
3662
3663
3665
3666
3667
3668
3700
3702
3703
3704
3705
3706
3711
3800
3801
3804
3808
3812
3816
3849
3850
3900
3905
3906
3914
3917
3925
3926
4000
4001
4004
4011
4023
4024
4025
4027
4028
4029
4100
4200
4205
4212
4214
4216
4217
4223
4246
4249
4253
4254
4300
4303
4307
4312
4313
4316
4321
4322
4329
4330
4334
4339
4345
4350
4400
4500
4501
4502
4508
4510
4524
4600
4611
4613
4614
4619
4620
4623
4628
4632
4633
4700
4704
4705
4706
4707
4727
4728
4800
4802
4811
4813
4816
4822
4824
4825
4827
4828
4900
5000
5001
5003
5004
5005
5007
5009
5010
5011
5012
5017
5018
5020
5022
5024
5027
5029
5030
5031
5032
5034
5038
5040
5042
5043
5044
5045
5047
5049
5050
5072
5074
5075
5081
5099
5100
5102
5105
5108
5110
5118
5190
5199
5200
5243
5248
5249
5250
5252
5253
5256
5257
5260
5262
5263
5275
5277
5300
5400
5402
5403
5404
5405
5406
5410
5460
5473
5476
5477
5500
5501
5503
5505
5507
5542
5543
5544
5600
5603
5609
5610
5613
5614
5638
5658
5659
5700
5740
5743
5744
5745
5748
5749
5800
5802
5803
5805
5809
5826
5827
5834
5835
5836
5837
5838
5900
5901
5902
5903
5904
5905
5906
5907
5911
5918
5919
5948
5958
5959
5960
5981
6000
6009
6025
6027
6030
6032
6100
6152
6154
6164
6165
6174
6181
6182
6183
6188
6191
6193
6194
6195
6196
6200
6214
6215
6219
6225
6226
6229
6230
6232
6234
6300
6310
6312
6316
6317
6318
6320
6325
6326
6330
6372
6375
6382
6400
6432
6439
6447
6449
6450
6451
6453
6456
6457
6500
6501
6504
6507
6509
6517
6600
6608
6612
6617
6619
6623
6633
6658
6670
6671
6676
6677
6678
6679
6680
6681
6682
6683
6684
6685
6686
6700
6713
6714
6722
6725
6726
6727
6732
6733
6800
6820
6827
6828
6829
6900
6906
6908
6910
6912
6913
6914
6915
6949
6950
6952
7000
7014
7017
7024
7025
7026
7031
7100
7200
7203
7205
7206
7207
7220
7224
7230
7232
7300
7303
7309
7313
7321
7325
7327
7328
7329
7400
7404
7413
7415
7424
7430
7447
7448
7449
7451
7452
7453
7454
7455
7456
7457
7458
7459
7460
7500
7505
7513
7524
7527
7530
7536
7538
7580
7600
7604
7606
7610
7627
7700
7701
7702
7703
7704
7705
7706
7707
7708
7709
7710
7713
7714
7715
7716
7717
7718
7719
7720
7721
7722
7723
7724
7725
7726
7727
7728
7729
7730
7731
7733
7734
7735
7736
7743
7745
7746
7747
7748
7749
7750
7751
7800
7801
7802
7804
7805
7806
7807
7810
7811
7813
7814
7816
7817
7819
7820
7834
7838
7840
7841
7842
7843
7847
7850
7851
7852
7900
8600
8601
8602
8603
8606
8617
8619
8700
8900
8901
8903
8904
8905
8911
8914
9100
9102
9103
9104
9106
9108
9109
9110
9111
9112
9200
9800
9900
9901
9951
9952
9953
9954
9955
9956
9957
9958
9961
9962
9965
9966
9967
9968
9971
9972
9973
9974
9975
9976
9977
9978
9979